0.0 0.0 0.0 0.0 0.0721866770657 0.0 0.0 0.0
0.0 0.11507580365 0.0 0.0 0.0777804544968 0.0 0.0 0.0
0.0 0.222668460715 0.0 0.0 0.083374231928 0.0 0.0 0.0
0.0 0.325452462476 0.0 0.0 0.0889680093591 0.0 0.0 0.0
0.0 0.42583291582 0.0 0.0 0.0945617867903 0.0 0.0 0.0
0.0 0.52591518018 0.0 0.0 0.100155564221 0.0 0.0 0.0
0.0 0.627577498535 0.0 0.0 0.105749341653 0.0 0.0 0.0
0.0 0.732576719827 0.0 0.0 0.111343119084 0.0 0.0 0.0
0.0 0.842639993989 0.0 0.0 0.116936896515 0.0 0.0 0.0
0.0 0.959537121691 0.0 0.0 0.122530673946 0.0 0.0 0.0
0.0 1.08514013822 0.0 0.0 0.128124451377 0.0 0.0 0.0
0.0 1.22147968521 0.0 0.0 0.133718228808 0.0 0.0 0.0
0.0 1.37080482742 0.0 0.0 0.139312006239 0.0 0.0 0.0
0.0 1.53565010505 0.0 0.0 0.144905783671 0.0 0.0 0.0
0.0 1.71891429248 0.0 0.0 0.150499561102 0.0 0.0 0.0
0.0 1.92395340118 0.0 0.0 0.156093338533 0.0 0.0 0.0
0.0 2.15469140432 0.0 0.0 0.161687115964 0.0 0.0 0.0
0.0 2.4157538181 0.0 0.0 0.167280893395 0.0 0.0 0.0
0.0 2.71263046526 0.0 0.0 0.172874670826 0.0 0.0 0.0
0.0 3.0518728817 0.0 0.0 0.178468448257 0.0 0.0 0.0
0.0 3.44133977927 0.0 0.0 0.184062225689 0.0 0.0 0.0
0.0 3.89049814618 0.0 0.0 0.18965600312 0.0 0.0 0.0
0.0 4.41079881767 0.0 0.0 0.195249780551 0.0 0.0 0.0
0.0 5.01614505393 0.0 0.0 0.200843557982 0.0 0.0 0.0
0.0 5.72347832004 0.0 0.0 0.206437335413 0.0 0.0 0.0
0.0 6.5535107323 0.0 0.0 0.212031112844 0.0 0.0 0.0
0.0 7.53164851457 0.0 0.0 0.217624890275 0.0 0.0 0.0
0.0 8.68915579749 0.0 0.0 0.223218667707 0.0 0.0 0.0
0.0 10.0646221931 0.0 0.0 0.228812445138 0.0 0.0 0.0
0.0 11.7058285514 0.0 0.0 0.234406222569 0.0 0.0 0.0
0.0 13.6721146288 94.5130813953 10.2272727273 0.24 2.00037460359 1.24962539641 1e-07
0.5014749262536873 13.6721146288 94.4804124773 10.2323809581 0.24 2.00074903929 1.24925096071 1.7078522524673082e-07
1.0029498525073746 14.7327511357 94.4477582015 10.2374868994 0.24 2.00112330716 1.24887669284 2.411319036181129e-07
1.5044247787610618 18.1655088902 94.4151185614 10.2425905522 0.24 2.00149740729 1.24850259271 3.106042052374537e-07
2.005899705014749 24.1131430245 94.3824935506 10.2476919175 0.24 2.00187133974 1.24812866026 3.787717173923228e-07
2.507374631268436 32.4380368761 94.3498831624 10.2527909964 0.24 2.00224510459 1.24775489541 4.4521211113834487e-07
3.0088495575221237 42.9594901644 94.3172873902 10.2578877899 0.24 2.00261870192 1.24738129808 5.095137578203495e-07
3.510324483775811 55.5034527286 94.2847062276 10.262982299 0.24 2.00299213181 1.24700786819 5.712782793003298e-07
4.011799410029498 69.9186344198 94.2521396679 10.2680745247 0.24 2.00336539432 1.24663460568 6.301230160923828e-07
4.513274336283185 86.0722561378 94.2195877047 10.273164468 0.24 2.00373848953 1.24626151047 6.856833981134025e-07
5.014749262536872 103.839666104 94.1870503313 10.27825213 0.233564922818 2.00411141753 1.25232365966 7.376152033616422e-07
5.51622418879056 119.820509639 94.7157261327 10.2833375117 0.216828400481 2.00448667259 1.26868492693 7.855966905295987e-07
6.017699115044247 133.121883411 96.1425808371 10.2884546262 0.192175532099 2.00486824648 1.29295622142 8.293305923387008e-07
6.519174041297934 147.014730147 98.259263496 10.2936579066 0.159671887665 2.00525920473 1.32506890761 8.685459572461895e-07
7.020648967551622 163.71834552 101.059788454 10.2989891554 0.117899516288 2.00566258606 1.36643789765 9.029998281139622e-07
7.522123893805309 186.941277313 104.667549214 10.3044898099 0.0630503642216 2.00608197743 1.42086765834 9.3247874743927e-07
8.023598820058996 225.960146127 109.41433067 10.3102087832 -0.0146468460833 2.0065224402 1.49812440589 9.568000798216642e-07
