0.5 9.47094035521 93.75 32.25 0.250759301988 3.40026569801 0.898975
1.0 16.6268341879 93.365625 32.2539854702 0.251280207031 3.40076332029 0.897956472675
1.5 18.5358294197 92.9836772529 32.2614498044 0.25173772771 3.40131783674 0.89694443555
2.0 20.4403606893 92.6041633314 32.2697675511 0.252132041272 3.40192909644 0.895938862287
2.5 29.9357370044 92.2270733578 32.2789364466 0.252210147921 3.40285012541 0.894939726672
3.0 39.3670603431 91.8523975021 32.2927518811 0.252210147921 3.40384278617 0.893947065912
3.5 64.5340139894 91.4801497169 32.3076417925 0.252210147921 3.40482899463 0.892960857446
4.0 89.5314008629 91.1103215424 32.3224349195 0.252210147921 3.40580879274 0.891981059336
4.5 95.4805820061 90.742897251 32.3371318912 0.251758939849 3.40678222217 0.891458837985
5.0 100.730454925 90.5470642445 32.3517333325 0.250789093117 3.40775214435 0.891458762535
5.5 102.0318043 90.5470359506 32.3662821652 0.249695305655 3.40872182358 0.891582870767
6.0 103.146504806 90.5935765376 32.3808273537 0.248499788677 3.40969203606 0.891808175259
6.5 103.71991132 90.678065722 32.395380541 0.247257708144 3.41066341415 0.892078877705
7.0 104.259031926 90.7795791395 32.4099512123 0.245973950736 3.41163624128 0.892389807981
7.5 104.298486835 90.896177993 32.4245436192 0.24469754037 3.41261076852 0.892691691108
8.0 104.311903938 91.0093841654 32.4391615278 0.243430633725 3.4135869389 0.892982427375
8.5 104.054024977 91.1184102658 32.4538040835 0.242198670419 3.41456468234 0.893236647245
9.0 103.786098516 91.2137427168 32.468470235 0.2410013032 3.41554377021 0.893454926589
9.5 103.502789749 91.295597471 32.4831565532 0.23983871346 3.41652397756 0.893637308981
10.0 103.227454309 91.363990868 32.4978596634 0.238708859798 3.41750507975 0.893786060456
10.5 103.110203012 91.4197726709 32.5125761962 0.23759548548 3.41848686635 0.893917648166
11.0 103.013876899 91.4691180622 32.5273029953 0.236495984639 3.41946922994 0.894034785423
11.5 102.868881358 91.5130445337 32.5420384491 0.23541447637 3.42045208004 0.894133443591
12.0 102.723852281 91.5500413465 32.5567812006 0.2343503039 3.42143530104 0.894214395058
12.5 102.584555731 91.5803981468 32.5715295156 0.233302288892 3.42241878219 0.894278928922
13.0 102.450617309 91.6045983459 32.5862817328 0.232269334705 3.4234024208 0.894328244499
13.5 102.32169381 91.6230916871 32.6010363119 0.231250420217 3.42438612172 0.894363458064
14.0 102.197488471 91.636296774 32.6157918258 0.230244592436 3.4253697968 0.894385610762
14.5 102.077715018 91.6446040358 32.630546952 0.229250962819 3.42635336442 0.894395672761
15.0 101.962097887 91.6483772855 32.6453004663 0.228268703714 3.42733674903 0.894394547253
15.5 101.850414175 91.6479552197 32.6600512355 0.227297040957 3.42831988077 0.894383078277
16.0 101.742529665 91.6436543539 32.6747982115 0.226335243308 3.42930269504 0.894362061657
16.5 101.638223782 91.6357731213 32.6895404255 0.225382628959 3.43028513225 0.894332238794
17.0 101.537348884 91.6245895477 32.7042769837 0.224438556641 3.43126713746 0.894294305902
17.5 101.439664533 91.6103647133 32.7190070618 0.223502432849 3.43224866008 0.894248907067
18.0 101.345001902 91.5933401501 32.7337299013 0.222573703159 3.43322965359 0.894196643253
18.5 101.253224406 91.57374122 32.7484448038 0.221651847617 3.43421007519 0.894138077188
19.0 101.164202456 91.5517789455 32.7631511279 0.220736378711 3.43518988566 0.89407373563
19.5 101.077765753 91.5276508613 32.7778482849 0.21982684396 3.43616904903 0.894004107005
20.0 100.993815012 91.5015401271 32.7925357355 0.21892281778 3.43714753244 0.893929649778
20.5 100.912261023 91.4736186669 32.8072129866 0.21802389946 3.43812530587 0.89385079467
21.0 100.833019185 91.4440480013 32.821879588 0.217129711729 3.43910234201 0.893767946262
21.5 100.756089171 91.4129798481 32.8365351301 0.216239891793 3.44007861609 0.893681492119
22.0 100.681289873 91.3805595444 32.8511792413 0.215354107952 3.44105410576 0.893591786288
22.5 100.608514666 91.3469198578 32.8658115864 0.214472051304 3.4420287909 0.893499157798
23.0 100.537740509 91.3121841743 32.8804318635 0.213593426891 3.44300265344 0.893403919672
23.5 100.468843938 91.2764698772 32.8950398015 0.212717962695 3.44397567727 0.893306360034
24.0 100.40179879 91.2398850128 32.9096351591 0.211845399478 3.4449478481 0.89320675242
24.5 100.336543088 91.2025321575 32.9242177215 0.210975493675 3.44591915334 0.893105352982
25.0 100.273011743 91.1645073684 32.9387873001 0.210108017068 3.44688958201 0.893002400922
25.5 100.211154194 91.1259003456 32.9533437302 0.209242754797 3.44785912462 0.892898120583
26.0 100.150890333 91.0867952185 32.9678868693 0.208379507643 3.44882777309 0.892792719264
26.5 100.092205722 91.047269724 32.9824165964 0.207518085167 3.44979552065 0.892686394188
27.0 100.03510544 91.0073978204 32.9969328097 0.206658303489 3.45076236173 0.892579334782
27.5 99.9795056889 90.9672505434 33.0114354259 0.205799993475 3.45172829198 0.892471714544
28.0 99.9253797841 90.9268929541 33.0259243797 0.204942994729 3.45269330812 0.892363697147
28.5 99.8727112241 90.8863864301 33.0403996219 0.204087154273 3.4536574079 0.892255437823
29.0 99.8214746999 90.8457891838 33.0548611186 0.203232327081 3.45462059004 0.892147082881
29.5 99.7716276115 90.8051560804 33.0693088506 0.202378377411 3.45558285416 0.89203876843
30.0 99.7231741673 90.7645381613 33.0837428124 0.201525173982 3.45654420075 0.89193062527
30.5 99.6760257256 90.7239844763 33.0981630112 0.200672598625 3.45750463111 0.89182277027
31.0 99.6301866022 90.6835388511 33.1125694666 0.199820536934 3.45846414726 0.891715315804
31.5 99.5856959297 90.6432434264 33.1269622089 0.198968874791 3.45942275195 0.89160837326
32.0 99.5424552841 90.6031399725 33.1413412792 0.198117511428 3.46038044859 0.891502039978
32.5 99.5004464244 90.5632649918 33.1557067289 0.197266351292 3.46133724123 0.891396407477
33.0 99.4596364495 90.5236528038 33.1700586185 0.19641530523 3.46229313447 0.891291560302
33.5 99.4200355393 90.4843351132 33.184397017 0.195564286142 3.46324813344 0.891187580422
34.0 99.381615669 90.4453426582 33.1987220015 0.194713212522 3.46420224378 0.891084543698
34.5 99.3443739966 90.4067038866 33.2130336567 0.193862005845 3.46515547162 0.890982522538
35.0 99.308260065 90.3684459516 33.2273320743 0.193010594977 3.46610782352 0.890881581508
35.5 99.2732867321 90.3305930653 33.2416173527 0.192158909866 3.46705930644 0.89078178369
36.0 99.2394183708 90.2931688838 33.2558895967 0.191306886105 3.46800992777 0.890683186129
36.5 99.2066659497 90.2561947985 33.2701489165 0.190454460281 3.4689596952 0.890585844522
37.0 99.175033397 90.2196916957 33.284395428 0.189601570595 3.4699086168 0.890489812603
37.5 99.1444760114 90.1836797262 33.298629252 0.188748161425 3.47085670098 0.890395137599
38.0 99.1150168409 90.1481765995 33.3128505146 0.18789417664 3.47180395641 0.890301866949
38.5 99.0866448762 90.1132001058 33.3270593462 0.187039562853 3.47275039209 0.890210045057
39.0 99.0593512434 90.0787668964 33.3412558813 0.186184269106 3.47369601727 0.890119713621
39.5 99.033156693 90.0448926079 33.3554402591 0.185328243955 3.47464084148 0.890030914566
40.0 99.0080644062 90.0115929623 33.3696126222 0.18447143715 3.47558487449 0.889943688365
40.5 98.98404189 89.9788831367 33.3837731173 0.183613802983 3.47652812632 0.889858070698
41.0 98.9611196511 89.9467765117 33.3979218948 0.182755294113 3.47747060723 0.889774098658
41.5 98.9392701414 89.9152869968 33.4120591084 0.181895867147 3.47841232769 0.889691805159
42.0 98.9184842947 89.8844269348 33.4261849154 0.181035480732 3.47935329839 0.889611220874
42.5 98.8987449643 89.8542078279 33.4402994759 0.180174096242 3.4802935302 0.889532373558
43.0 98.8801119326 89.8246400841 33.454402953 0.179311670352 3.48123303415 0.889455295496
43.5 98.8626177122 89.7957358109 33.4684955123 0.17844815779 3.48217182149 0.889380020719
44.0 98.8462525447 89.7675077698 33.4825773224 0.177583515431 3.48310990366 0.889306580905
44.5 98.8309660594 89.7399678393 33.496648555 0.176717706076 3.48404729232 0.889235001604
45.0 98.8167602464 89.7131256017 33.5107093848 0.175850693253 3.48498399926 0.889165307491
45.5 98.8036564461 89.6869903091 33.5247599888 0.174982439335 3.48592003643 0.889097524237
46.0 98.7916204273 89.6615715887 33.5388005464 0.174112910874 3.48685541595 0.88903167318
46.5 98.780676621 89.6368774425 33.5528312392 0.173242072857 3.48779015005 0.888967777094
47.0 98.7707942551 89.6129164101 33.5668522507 0.172369894015 3.48872425112 0.888905854867
47.5 98.7619577143 89.589695575 33.5808637668 0.17149634524 3.48965773165 0.888845923112
48.0 98.7541896951 89.5672211669 33.5948659747 0.170621395856 3.49059060424 0.888787999909
48.5 98.747461129 89.5454999658 33.6088590635 0.169745018602 3.49152288158 0.888732099814
49.0 98.7417944265 89.5245374303 33.6228432238 0.168867184603 3.49245457649 0.88867823891
49.5 98.7372187386 89.5043395914 33.6368186473 0.167987862779 3.49338570184 0.888626435385
50.0 98.7337509695 89.4849132693 33.6507855275 0.167107021094 3.49431627063 0.888576708275
50.5 98.7313540871 89.4662656031 33.6647440595 0.166224631714 3.49524629599 0.888529072295
51.0 98.7299778369 89.4484021107 33.6786944399 0.165340672121 3.49617579112 0.88848353676
51.5 98.7296517608 89.4313262851 33.6926368668 0.164455117314 3.49710476928 0.888440113411
52.0 98.7303869139 89.415042529 33.7065715391 0.163567941658 3.49803324379 0.88839881455
52.5 98.7322052038 89.3995554562 33.7204986569 0.162679117873 3.49896122807 0.888359654055
53.0 98.7351465884 89.3848702707 33.7344184211 0.161788615366 3.4998887356 0.888322649031
53.5 98.7391633983 89.3709933866 33.748331034 0.160896408699 3.50081577998 0.888287811326
54.0 98.7442486938 89.3579292473 33.7622366996 0.160002473513 3.50174237485 0.888255151636
54.5 98.7503839606 89.3456818634 33.7761356228 0.159106787599 3.50266853396 0.888224678446
55.0 98.7576094671 89.3342544171 33.7900280093 0.158209325213 3.50359427106 0.888196403725
55.5 98.7658789754 89.3236513967 33.8039140659 0.157310065444 3.50451960002 0.888170334539
56.0 98.7752304794 89.3138754519 33.8177940003 0.156408984013 3.50544453471 0.888146481279
56.5 98.7857261818 89.3049304796 33.8316680206 0.155506051089 3.50636908908 0.888124859829
57.0 98.7973206871 89.2968224357 33.8455363362 0.154601241732 3.50729327718 0.888105481084
57.5 98.81001974 89.2895554066 33.8593991578 0.153694530843 3.50821711312 0.888088356036
58.0 98.8238329439 89.2831335133 33.8732566968 0.152785892802 3.50914061107 0.88807349613
58.5 98.8387254115 89.2775610486 33.887109166 0.151875305719 3.51006378527 0.888060909014
59.0 98.8546548269 89.2728408802 33.900956779 0.15096275201 3.51098665 0.888050597988
59.5 98.8716486739 89.2689742455 33.91479975 0.150048211588 3.51190921958 0.888042568835
60.0 98.8896877081 89.2659633131 33.9286382937 0.149131666408 3.51283150833 0.888036825265
60.5 98.850751102 89.2638094744 33.9424726249 0.148218624348 3.51375353061 0.888027845044
61.0 98.7273031603 89.2604418915 33.9563029591 0.147317018513 3.51467526626 0.88800771523
61.5 97.4638745929 89.2528932113 33.9701289939 0.146535020286 3.51559664566 0.887868334053
62.0 94.4454092835 89.20062527 33.9839496849 0.146035517047 3.51651692359 0.887447559366
62.5 91.0901297424 89.0428347624 33.9977538538 0.145840536573 3.5174343416 0.886725121825
63.0 87.1921623784 88.7719206846 34.011515124 0.145840536573 3.51834701503 0.885812448399
63.5 83.3785510645 88.4296681498 34.0252052254 0.145840536573 3.51925375608 0.884905707351
64.0 79.7028111017 88.0896402565 34.0388063412 0.145840536573 3.52015460331 0.884004860119
64.5 76.107401734 87.7518225446 34.0523190496 0.145840536573 3.52104959503 0.883109868394
65.0 72.6556460445 87.4162006477 34.0657439255 0.145840536573 3.52193876931 0.882220694115
65.5 69.282441471 87.0827602932 34.0790815397 0.145840536573 3.52282216396 0.881337299469
66.0 66.0562700123 86.751487301 34.0923324594 0.145840536573 3.52369981654 0.880459646889
66.5 62.9057588186 86.4223675832 34.1054972481 0.145840536573 3.52457176438 0.87958769905
67.0 59.9036191068 86.0953871436 34.1185764657 0.145840536573 3.52543804456 0.878721418872
67.5 56.9734279152 85.7705320769 34.1315706683 0.145840536573 3.52629869391 0.877860769515
68.0 54.1911259763 85.4477885681 34.1444804087 0.145840536573 3.52715374905 0.877005714379
68.5 51.4764640519 85.1271428921 34.1573062357 0.145840536573 3.52800324633 0.876156217101
69.0 48.9076779832 84.808581413 34.1700486949 0.145840536573 3.52884722187 0.875312241556
69.5 46.4018483212 84.4920905835 34.1827083281 0.145840536573 3.52968571158 0.874473751852
70.0 44.0386503067 84.1776569444 34.1952856736 0.145840536573 3.5305187511 0.873640712331
70.5 41.7335128498 83.865267124 34.2077812665 0.145840536573 3.53134637586 0.872813087566
71.0 39.5666930387 83.5549078374 34.2201956379 0.145840536573 3.53216862106 0.871990842363
71.5 37.4529526859 83.2465658861 34.232529316 0.145840536573 3.53298552167 0.871173941753
72.0 35.4724377748 82.9402281575 34.2447828251 0.145840536573 3.53379711243 0.870362350998
72.5 33.5401082374 82.6358816242 34.2569566864 0.145864431521 3.5345795329 0.869556035582
73.0 31.7360911325 82.3335133434 34.2686929935 0.145948851583 3.53529619317 0.868754955243
73.5 29.9775326163 82.0331082162 34.2794428976 0.146092248592 3.53594869059 0.867959060821
74.0 28.3423249708 81.7346478079 34.2892303588 0.146290478772 3.53654121736 0.867168303864
74.5 26.7479506088 81.4381139489 34.2981182605 0.146542151027 3.5370752117 0.866382637269
75.0 25.2703946134 81.1434889758 34.3061281756 0.146843342146 3.53755464327 0.865602014589
75.5 23.8291921217 80.8507554708 34.313319649 0.147192813063 3.53798079628 0.864826390658
76.0 22.4979846825 80.5598964969 34.3197119442 0.147586870639 3.53835740845 0.864055720916
76.5 21.1989290356 80.2708953435 34.3253611267 0.148024418375 3.53868561961 0.863289962012
77.0 20.0030783528 79.9837357546 34.3302842942 0.148501991906 3.53896893694 0.862529071155
77.5 18.8356413333 79.698401683 34.3345340541 0.149018621664 3.53920837164 0.861773006694
78.0 17.7648368018 79.4148775103 34.3381255746 0.149571064623 3.53940720788 0.861021727495
78.5 16.7189073794 79.1331478107 34.3411081182 0.150158471314 3.53956633519 0.8602751935
79.0 15.7630294515 78.8531975626 34.3434950278 0.150777820167 3.53968881471 0.859533365125
79.5 14.8288586892 78.5750119218 34.3453322206 0.151428369284 3.53977542692 0.858796203796
80.0 13.9781182958 78.2985764237 34.3466314038 0.152107319721 3.5398290089 0.858063671379
80.5 13.1461943314 78.0238767673 34.3474351335 0.152814027748 3.53985024157 0.857335730686
81.0 12.3917169253 77.7508990071 34.3477536235 0.153545895638 3.53984175943 0.856612344929
81.5 11.6538145302 77.4796293484 34.3476263915 0.154302356033 3.53980416575 0.855893478213
82.0 10.9877344623 77.2100543299 34.3470624863 0.155081000301 3.53973990468 0.855179095016
82.5 10.3362306961 76.9421606309 34.3460985703 0.15588132923 3.53964951012 0.854469160648
83.0 9.75113175847 76.675935243 34.3447426518 0.15670111626 3.53953524297 0.853763640772
83.5 9.17863182623 76.4113652894 34.3430286445 0.157539929487 3.53939756869 0.853062501828
84.0 8.66741282705 76.1484381853 34.3409635303 0.158395714511 3.53923857491 0.852365710583
84.5 8.16735016664 75.8871414687 34.3385786236 0.159268088792 3.53905867667 0.851673234536
85.0 7.72360790795 75.6274629509 34.3358801501 0.160155164534 3.53885979398 0.850985041489
85.5 7.28985083433 75.3693905584 34.3328969097 0.161056599403 3.53864230067 0.850301099928
86.0 6.90797137522 75.1129124731 34.32963451 0.161970654841 3.53840796653 0.849621378629
86.5 6.53523763375 74.8580169859 34.326119498 0.16289701757 3.53815713543 0.848945847004
87.0 6.21056636522 74.6046926266 34.3223570314 0.163834077259 3.537891448 0.848274474744
87.5 5.89422095215 74.3529280291 34.31837172 0.164781548951 3.53761121891 0.847607232139
88.0 5.62155842434 74.1027120522 34.3141682837 0.165737969279 3.53731794098 0.846944089743
88.5 5.35641064672 73.8540336536 34.3097691147 0.166703081228 3.5370119001 0.846285018667
89.0 5.13119887855 73.6068820002 34.3051785016 0.167675547216 3.53669446251 0.845629990276
89.5 4.91325995806 73.3612463534 34.3004169376 0.168655119115 3.53636590443 0.844978976452
90.0 4.73086205543 73.1171161695 34.2954885665 0.169640606665 3.53602744401 0.844331949325
90.5 4.5544657151 72.874480997 34.2904116601 0.170631804864 3.53567931363 0.843688881503
91.0 4.40964001322 72.6333305637 34.2851897045 0.17162765652 3.53532259766 0.843049745822
91.5 4.26964426282 72.3936546833 34.2798389649 0.172627996343 3.5349574881 0.84241451556
92.0 4.1576773008 72.155443335 34.2743623214 0.173631885844 3.53458494995 0.84178316421
92.5 4.04943590366 71.9186865787 34.2687742492 0.174639197122 3.53420513721 0.841155665671
93.0 3.96600380155 71.6833746266 34.2630770581 0.175649099564 3.53381890639 0.840531994045
93.5 3.88575706584 71.4494977668 34.2572835959 0.176661483782 3.53342639241 0.839912123809
94.0 3.82736535526 71.2170464283 34.2513958861 0.177675618133 3.53302835223 0.839296029633
94.5 3.77159023918 70.9860111124 34.2454252835 0.178691412634 3.53262490083 0.838683686536
95.0 3.73484745301 70.756382451 34.2393735124 0.17970823017 3.53221670011 0.83807506972
95.5 3.70016365042 70.5281511451 34.2332505017 0.180725999731 3.53180384556 0.83747015471
96.0 3.6821453 70.3013080161 34.2270576834 0.181744163477 3.53138691932 0.836868917204
96.5 3.66572535382 70.0758439515 34.2208037898 0.182762666092 3.53096600071 0.836271333201
97.0 3.66374018318 69.8517499505 34.2144900106 0.18378102442 3.53054159671 0.835677378869
97.5 3.66302803899 69.6290170759 34.2081239507 0.184799194283 3.53011377507 0.83508703065
98.0 3.67480327688 69.4076364938 34.201706626 0.185816757728 3.52968297712 0.834500265152
98.5 3.68757008506 69.1875994322 34.1952446568 0.186833680214 3.52924926055 0.833917059239
99.0 3.71111976403 68.9688972148 34.1887389082 0.187849600852 3.52881300921 0.833337389934
99.5 3.73548286191 68.7515212254 34.1821951382 0.188864491261 3.52837427424 0.8327612345
100.0 3.76912772966 68.5354629373 34.1756141136 0.189878040807 3.52793338884 0.832188570353
100.5 3.803468695 68.3207138822 34.1690008326 0.190890225212 3.52749039965 0.831619375135
101.0 3.86444976476 68.1072656756 34.1623559948 0.19190015542 3.52704621794 0.83105362664
101.5 3.92609494005 67.8951099901 34.1556932691 0.192907808697 3.52660088827 0.830491303028
102.0 3.98841404069 67.6842386356 34.1490133241 0.193913162007 3.52615445539 0.829932382606
102.5 4.05141689331 67.4746434774 34.1423168308 0.194916192005 3.52570696417 0.829376843829
103.0 4.11511343174 67.2663164359 34.1356044625 0.195916875039 3.52525845966 0.828824665296
103.5 4.17951384001 67.0592494861 34.128876895 0.196915187141 3.52480898711 0.828275825753
104.0 4.24462773826 66.8534346574 34.1221348066 0.197911104043 3.52435859187 0.827730304089
104.5 4.31046481774 66.6488640333 34.115378878 0.198904601179 3.52390731949 0.827188079336
105.0 4.37703574629 66.4455297511 34.1086097923 0.199895653647 3.52345521568 0.82664913067
105.5 4.4443505222 66.2434240013 34.1018282352 0.200884236237 3.52300232636 0.826113437407
106.0 4.51241835575 66.0425390278 34.0950348953 0.201870323455 3.52254869754 0.825580979005
106.5 4.58124824207 65.842867127 34.0882304631 0.202853889529 3.52209437541 0.825051735061
107.0 4.65084984677 65.6444006478 34.0814156311 0.203834908389 3.5216394063 0.824525685311
107.5 4.72123278851 65.4471319915 34.0745910945 0.204813353666 3.52118383671 0.824002809629
108.0 4.79240664908 65.2510536109 34.0677575506 0.205789198696 3.52072771328 0.823483088028
108.5 4.86438080607 65.0561580105 34.0609156991 0.206762416525 3.52027108282 0.822966500656
109.0 4.93716469365 64.862437746 34.0540662423 0.20773297991 3.51981399229 0.822453027798
109.5 5.01076772775 64.6698854241 34.0472098844 0.208700861316 3.51935648881 0.821942649872
110.0 5.08519931267 64.478493702 34.0403473322 0.209666032916 3.51889861965 0.821435347433
110.5 5.16046882785 64.2882552872 34.0334792948 0.210628466598 3.51844043224 0.820931101166
111.0 5.23658527648 64.0991629372 34.0266064835 0.211588133972 3.51798197414 0.820429891892
111.5 5.31355753444 63.9112094594 34.019729612 0.212545006375 3.51752329306 0.819931700561
112.0 5.39139455371 63.7243877104 34.012849396 0.213499054869 3.51706443687 0.819436508256
112.5 5.4701051981 63.5386905959 34.0059665531 0.214450250248 3.51660545356 0.818944296188
113.0 5.54969822686 63.3541110706 33.9990818035 0.215398563034 3.51614639127 0.818455045701
113.5 5.63018232775 63.1706421377 33.992195869 0.216343963485 3.51568729825 0.817968738263
114.0 5.71156604348 62.9882768485 33.9853094738 0.217286421599 3.51522822293 0.817485355473
114.5 5.79385787159 62.8070083024 33.9784233439 0.218225907115 3.51476921383 0.817004879057
115.0 5.87706594449 62.6268296464 33.9715382074 0.219162389524 3.51431031961 0.816527290867
115.5 5.96119839416 62.447734075 33.9646547941 0.220095838071 3.51385158905 0.816052572879
116.0 6.04626321624 62.2697148294 33.9577738358 0.221026221758 3.51339307105 0.815580707195
116.5 6.13226862693 62.0927651982 33.9508960657 0.221953509339 3.51293481462 0.815111676043
117.0 6.21922191821 61.9168785162 33.9440222193 0.222877669349 3.51247686888 0.814645461771
117.5 6.30713057658 61.7420481643 33.9371530332 0.223798670098 3.51201928305 0.814182046853
118.0 6.39600191505 61.5682675697 33.9302892457 0.224716479675 3.51156210644 0.813721413881
118.5 6.4858430577 61.3955302052 33.9234315967 0.22563106596 3.51110538847 0.81326354557
119.0 6.57666093089 61.2238295889 33.916580827 0.226542396623 3.51064917862 0.812808424758
119.5 6.66846225429 61.0531592841 33.9097376793 0.227450439137 3.51019352646 0.812356034398
120.0 6.76125354973 60.8835128991 33.902902897 0.228355160782 3.50973848165 0.811906357564
120.5 6.85504117123 60.7148840866 33.8960772248 0.229256528651 3.5092840939 0.81145937745
121.0 6.94983169907 60.5472665437 33.8892614085 0.230154509641 3.50883041299 0.811015077364
121.5 7.0456303656 60.3806540116 33.8824561949 0.231049070502 3.50837748876 0.810573440734
122.0 7.14244269438 60.2150402753 33.8756623315 0.231940177823 3.50792537108 0.810134451102
122.5 7.24027395275 60.0504191631 33.8688805661 0.232827798044 3.50747410983 0.809698092125
123.0 7.33912926312 59.8867845469 33.8621116475 0.233711897457 3.50702375497 0.809264347577
123.5 7.43901367361 59.7241303413 33.8553563245 0.234592442212 3.50657435645 0.808833201343
124.0 7.53993140802 59.5624505037 33.8486153467 0.235469398343 3.50612596423 0.808404637424
124.5 7.64188645911 59.4017390339 33.8418894635 0.236342731776 3.50567862829 0.807978639931
125.0 7.74488256374 59.2419899741 33.8351794244 0.237212408338 3.50523239857 0.807555193088
125.5 7.84892329171 59.0831974082 33.8284859786 0.238078393761 3.50478732501 0.807134281231
126.0 7.95401193662 58.9253554617 33.8218098751 0.238940653693 3.5043434575 0.806715888805
126.5 8.06015120461 58.7684583018 33.8151518625 0.239799153715 3.50390084592 0.806300000364
127.0 8.16734343418 58.6125001366 33.8085126888 0.240653859356 3.50345954007 0.805886600573
127.5 8.2755908142 58.457475215 33.8018931011 0.241504736099 3.5030195897 0.805475674205
128.0 8.38489506914 58.3033778268 33.7952938454 0.242351749392 3.50258104447 0.805067206138
128.5 8.49525744104 58.1502023019 33.788715667 0.243194864666 3.50214395397 0.804661181361
129.0 8.60667918006 57.9979430105 33.7821593096 0.244034047337 3.5017083677 0.804257584966
129.5 8.71916074778 57.8465943623 33.7756255155 0.244869262829 3.50127433502 0.803856402152
130.0 8.83270219484 57.696150807 33.7691150253 0.24570047659 3.50084190519 0.803457618222
130.5 8.94730295637 57.5466068334 33.7626285778 0.246527654111 3.5004111273 0.803061218585
131.0 9.06296220964 57.3979569693 33.7561669096 0.247350760934 3.49998205032 0.80266718875
131.5 9.17967872261 57.2501957814 33.7497307547 0.248169762669 3.499554723 0.802275514333
132.0 9.2974508163 57.103317875 33.743320845 0.248984625003 3.49912919395 0.80188618105
132.5 9.41627631576 56.9573178936 33.7369379092 0.249795313723 3.49870551156 0.801499174716
133.0 9.53615306922 56.8121905187 33.7305826734 0.25060179471 3.49828372404 0.801114481252
133.5 9.6570778508 56.6679304696 33.7242558606 0.251404033977 3.49786387935 0.800732086676
134.0 9.77904668877 56.5245325033 33.7179581902 0.252201997693 3.4974460252 0.800351977104
134.5 9.32117607517 56.3819914139 33.711690378 0.250813017143 3.49701084641 0.799974138753
135.0 16.7054149465 56.2403020324 33.7051626962 0.251379675402 3.49681977381 0.799598553097
135.5 18.6763305133 56.0994574116 33.7022966071 0.251880540938 3.49669219428 0.799225267084
136.0 20.6419612126 55.9594751565 33.7003829143 0.252315821662 3.49662789843 0.798854282213
136.5 30.4258807159 55.82035583 33.6994184765 0.252424939587 3.4968874628 0.798485599924
137.0 40.1376677551 55.6820999716 33.7033119419 0.252424939587 3.49725377593 0.79811928679
137.5 66.0314012652 55.5447325464 33.7088066389 0.251426209233 3.49761770803 0.798754085046
138.0 91.5441053535 55.7827818923 33.7142656204 0.248020368903 3.49798551663 0.801792116771
138.5 96.9788477482 56.9220437892 33.7197827495 0.244205435193 3.49837222098 0.805220346131
139.0 101.725813464 58.2076297991 33.7255833147 0.240060846272 3.49878025509 0.808956900943
139.5 102.509035433 59.6088378537 33.7317038264 0.23597511317 3.49921154066 0.812611348479
140.0 103.173307148 60.9792556796 33.7381731099 0.231956632077 3.4996655587 0.816175811528
140.5 103.350361891 62.3159293231 33.7449833805 0.22804859088 3.50014174113 0.819607670293
141.0 103.550107106 63.6028763598 33.752126117 0.224244092714 3.50063925364 0.822914655955
141.5 103.292066533 64.8429959832 33.7595888046 0.220582276471 3.50115731042 0.826058415412
142.0 103.05011752 66.0219057794 33.7673596564 0.217055780115 3.50169488619 0.829047335999
142.5 102.570858075 67.1427509997 33.7754232929 0.213681674679 3.50225100832 0.831865319306
143.0 102.11297448 68.1994947399 33.7837651248 0.210451819466 3.50282460381 0.834521579026
143.5 101.667088811 69.1955921348 33.7923690572 0.207359295973 3.50341465753 0.837024048801
144.0 101.253270701 70.1340183005 33.801219863 0.204395557649 3.50402020417 0.839382240484
144.5 101.020665727 71.0183401817 33.8103030626 0.201538193311 3.50464033813 0.84161947087
145.0 100.829005364 71.8573015763 33.8196050719 0.198778983427 3.50527429973 0.843744719146
145.5 100.605580004 72.6542696799 33.829114496 0.196116953872 3.50592138565 0.845759662781
146.0 100.397253524 73.409873543 33.8388207848 0.193546727207 3.5065809032 0.8476703719
146.5 100.20825749 74.1263894626 33.848713548 0.191062739776 3.5072521978 0.849483064733
147.0 100.036916844 74.8061492748 33.858782967 0.188659809531 3.5079346539 0.851203538872
147.5 99.8816047328 75.4513270772 33.8690198085 0.186333116421 3.50862769236 0.852837193528
148.0 99.7408928058 76.063947573 33.8794153854 0.184078169256 3.50933076789 0.854389065157
148.5 99.613536629 76.6458994337 33.8899615184 0.181890775238 3.51004336686 0.85586386021
149.0 99.4985662584 77.1989475787 33.9006505029 0.17976700203 3.51076500514 0.857265995133
149.5 99.395189154 77.7247481748 33.9114750772 0.177703150508 3.51149522636 0.858599625436
150.0 99.3023954828 78.2248595387 33.9224283954 0.175695766133 3.51223360021 0.85986863596
150.5 99.2194647858 78.7007384849 33.9335040032 0.173741601723 3.51297972079 0.861076679795
151.0 99.1455298555 79.153754923 33.9446958118 0.171837623158 3.51373320511 0.862227174041
151.5 99.0798005255 79.5851902654 33.9559980766 0.169980993609 3.51449369164 0.863323317053
152.0 99.0217290368 79.9962438949 33.9674053747 0.168169042644 3.51526083895 0.86436812071
152.5 98.9707796649 80.3880452664 33.9789125843 0.166399258415 3.5160343245 0.865364419394
153.0 98.926538685 80.7616572728 33.9905148675 0.164669269709 3.51681384354 0.86631488906
153.5 98.8884100219 81.1180833975 34.0022076531 0.16297685765 3.51759910813 0.867222036524
154.0 98.8559907746 81.4582636964 34.013986622 0.161319931261 3.51838984608 0.868088224961
154.5 98.8290044712 81.7830843603 34.0258476913 0.159696510298 3.51918580003 0.868915691979
155.0 98.8070543324 82.0933844922 34.0377870004 0.158104732218 3.51998672665 0.869706543434
155.5 98.789839985 82.3899537879 34.0498008998 0.156542838295 3.52079239587 0.870462768143
156.0 98.7770536267 82.6735380537 34.061885938 0.155009170145 3.52160259007 0.871186242091
156.5 98.7684588065 82.9448407842 34.0740388511 0.153502158905 3.52241710344 0.871878739966
157.0 98.7638418655 83.2045274872 34.0862565515 0.15202031944 3.52323574129 0.872541941581
157.5 98.7628805445 83.453228093 34.0985361193 0.150562257302 3.52405831948 0.87317742552
158.0 98.7653165578 83.69153457 34.1108747923 0.149126659017 3.52488466381 0.873786679475
158.5 98.770946536 83.9200048031 34.1232699572 0.147712283614 3.5257146094 0.874371109297
159.0 98.7796458506 84.1391659865 34.1357191409 0.146317952199 3.52654800018 0.874932049932
159.5 98.791263774 84.3495187246 34.1482200026 0.144942547908 3.52738468849 0.875470765911
160.0 98.8057856213 84.5515372165 34.1607703273 0.143585000441 3.5282245346 0.875988467263
160.5 98.8230524038 84.7456752236 34.173368019 0.142244297852 3.52906740639 0.876486298065
161.0 98.8427568219 84.9323617743 34.1860110958 0.140919498324 3.5299131789 0.876965325082
161.5 98.8648310332 85.1119969057 34.1986976835 0.139609704598 3.53076173389 0.877426563821
162.0 98.8892263482 85.284961433 34.2114260083 0.13831406032 3.53161295948 0.877870982508
162.5 98.9157952978 85.4516184407 34.2241943922 0.137031757762 3.53246674988 0.878299494665
163.0 98.9444549625 85.6123104996 34.2370012482 0.135762029718 3.53332300503 0.878712967555
163.5 98.9751417288 85.7673628333 34.2498450755 0.134504146014 3.53418163033 0.879112225964
164.0 99.0077680308 85.9170847364 34.2627244549 0.133257414272 3.53504253633 0.879498051701
164.5 99.0423974966 86.061769388 34.275638045 0.132021163975 3.53590563852 0.879871199808
165.0 99.0789634396 86.2016999281 34.2885845778 0.130794757927 3.53677085711 0.880232387268
165.5 99.1173372971 86.3371452255 34.3015628567 0.129577596777 3.53763811682 0.880582288711
166.0 99.1573899751 86.4683582668 34.3145717523 0.128369117567 3.53850734659 0.880921538147
166.5 99.1989983413 86.5955768049 34.3276101989 0.127168791706 3.53937847937 0.88125073123
167.0 99.2422074302 86.7190242114 34.3406771906 0.12597610759 3.54025145182 0.881570442896
167.5 99.2868792351 86.838916086 34.3537717773 0.12479058729 3.54112620423 0.881881210791
168.0 99.3328832675 86.9554540466 34.3668930634 0.123611784507 3.54200268024 0.882183537557
168.5 99.380082722 87.068826584 34.3800402036 0.122439283923 3.54288082668 0.882477891702
169.0 99.4284422034 87.1792093884 34.3932124002 0.121272690321 3.5437605933 0.882764718687
169.5 99.4778546703 87.2867695077 34.4064088995 0.120111634591 3.54464193264 0.883044435074
170.0 99.5282722532 87.3916631526 34.4196289896 0.118955767058 3.54552479988 0.883317435371
170.5 99.579727823 87.4940382641 34.4328719982 0.117804749005 3.54640915265 0.883584100653
171.0 99.6321819481 87.5940377449 34.4461372897 0.116658259081 3.54729495099 0.883844792236
171.5 99.6855590845 87.6917970886 34.4594242648 0.115515996033 3.5481821572 0.88409984907
172.0 99.7396989324 87.7874434011 34.4727323581 0.114377685983 3.54907073572 0.884349580603
172.5 99.794424988 87.8810927261 34.4860610358 0.11324308291 3.54996065292 0.884594266481
173.0 99.8496028529 87.9728499303 34.4994097937 0.112111963584 3.55085187692 0.884834161804
173.5 99.9051534606 88.0628106766 34.5127781538 0.110984121414 3.55174437746 0.885069503432
174.0 99.9609913433 88.1510637871 34.5261656619 0.109859366409 3.55263812576 0.885300510135
174.5 100.017036069 88.2376913008 34.5395718864 0.10873752405 3.55353309442 0.885527383837
175.0 100.073179104 88.3227689391 34.5529964163 0.107618437368 3.55442925729 0.885750307644
175.5 100.129318926 88.4063653667 34.5664388594 0.1065019656 3.5553265894 0.885969447304
176.0 100.185305251 88.4885427388 34.579898841 0.105387988218 3.5562250668 0.886184947287
176.5 100.241056282 88.5693552328 34.593376002 0.104276397642 3.55712466646 0.88639693821
177.0 100.296319234 88.6488518286 34.6068699968 0.103167115032 3.55802536615 0.886605521122
177.5 100.350816868 88.7270704209 34.6203804923 0.102060091561 3.55892714432 0.886810766428
178.0 100.404343254 88.8040374106 34.6339071648 0.100955300528 3.55982997982 0.887012721957
178.5 100.456730594 88.8797707338 34.6474496973 0.0998527329224 3.56073385184 0.887211417545
179.0 100.507746149 88.9542815795 34.6610077776 0.0987524029634 3.56163873974 0.887406859608
179.5 100.557069082 89.0275723528 34.674581096 0.0976543556559 3.56254462292 0.887599023727
180.0 100.604452186 89.0996338978 34.6881693439 0.0965586586761 3.56345148067 0.887787862965
180.5 100.649564752 89.1704486118 34.70177221 0.0954654095199 3.56435929194 0.887973300848
181.0 100.692100263 89.2399878178 34.7153893791 0.0943747321442 3.56526803525 0.888155234916
181.5 100.731773522 89.3082130935 34.7290205287 0.0932867740081 3.56617768846 0.888333539843
182.0 100.768143841 89.375077441 34.7426653268 0.0922017200652 3.56708822866 0.888508053584
182.5 100.80080988 89.4405200938 34.7563234299 0.0911197877046 3.56799963194 0.888678582666
183.0 100.82938089 89.5044684999 34.769994479 0.0900412246198 3.56891187317 0.888844904518
183.5 100.853294602 89.5668391941 34.7836780975 0.0889663241048 3.56982492585 0.889006752348
184.0 100.872019425 89.6275321304 34.7973738878 0.0878954205529 3.57073876183 0.889163819929
184.5 100.884986991 89.6864324733 34.8110814274 0.0868288915512 3.57165335101 0.889315759746
185.0 100.891543806 89.7434099049 34.8248002651 0.085767164513 3.57256866117 0.889462176624
185.5 100.891005083 89.798316234 34.8385299175 0.0847107179559 3.57348465761 0.889602626742
186.0 100.882674436 89.8509850284 34.8522698641 0.0836600808694 3.57440130286 0.889736618576
186.5 100.865764215 89.9012319661 34.8660195429 0.0826158397029 3.5753185564 0.889863606202
187.0 100.83949807 89.9488523259 34.879778346 0.0815786353463 3.5762363743 0.889982992659
187.5 100.802897369 89.9936222472 34.8935456145 0.0805491805728 3.57715470891 0.890094112822
188.0 100.75507202 90.0352923083 34.9073206337 0.0795282491717 3.57807350844 0.890196244695
188.5 100.695012974 90.0735917608 34.9211026266 0.0785166852466 3.57899271659 0.890288600468
189.0 100.62173296 90.1082251756 34.9348907489 0.0775153987909 3.57991227217 0.89037033135
189.5 100.534271542 90.1388742563 34.9486840825 0.0765253609542 3.58083210867 0.890440532684
190.0 100.431701902 90.1651997565 34.96248163 0.0755475988451 3.58175215397 0.890498249491
190.5 100.313001287 90.1868435591 34.9762823096 0.074583202871 3.58267232999 0.890542469444
191.0 100.177156565 90.2034260416 34.9900849499 0.0736333237735 3.58359255234 0.89057212619
191.5 100.023160294 90.2145473213 35.0038882851 0.072699170157 3.58451272999 0.890586102156
192.0 99.8501848616 90.2197883085 35.0176909499 0.0717819895329 3.58543276495 0.890583247824
192.5 99.6574404069 90.2187179341 35.0314914742 0.0708830635832 3.58635255206 0.890562386666
193.0 99.4443505506 90.2108949999 35.0452882809 0.070003686864 3.58727197884 0.890522336607
193.5 99.2105551999 90.1958762276 35.0590796825 0.0691451460095 3.58819092544 0.890461930852
194.0 98.9557841913 90.1732240696 35.0728638817 0.0683087117122 3.58910926478 0.890380025813
194.5 98.617866877 90.1425096799 35.0866389717 0.0675015348363 3.59002686263 0.890269604844
195.0 98.1701589102 90.1011018164 35.1004029394 0.0667330532083 3.59094354094 0.890121408157
195.5 96.4897677471 90.045528059 35.1141531141 0.0661193160952 3.59185906386 0.889819622355
196.0 92.9838212844 89.932358383 35.1278859579 0.0658287005808 3.59277247173 0.889196829995
196.5 89.269243245 89.6988112482 35.141587076 0.0658287005808 3.5936817588 0.888287542926
197.0 85.122659146 89.3578285972 35.155226382 0.0658287005808 3.5945851355 0.887384166222
197.5 81.0667544816 89.0190623333 35.1687770326 0.0658287005808 3.59548264026 0.886486661467
198.0 77.1623267419 88.6824980502 35.1822396039 0.0658287005808 3.59637431123 0.885594990493
198.5 73.3481642952 88.3481214349 35.1956146685 0.0658287005808 3.59726018635 0.88470911538
199.0 69.6913432893 88.0159182676 35.2089027952 0.0658287005808 3.59814030327 0.883828998456
199.5 66.1227968947 87.6858744209 35.2221045491 0.0658287005808 3.59901469943 0.882954602291
200.0 62.7148335366 87.3579758592 35.2352204915 0.0658287005808 3.59988341202 0.882085889702
200.5 59.3919253608 87.0322086382 35.2482511804 0.0658287005808 3.60074647798 0.881222823744
201.0 56.2305788571 86.708558904 35.2611971697 0.0658287005808 3.60160393401 0.880365367715
201.5 53.1501612464 86.3870128932 35.2740590102 0.0658287005808 3.60245581658 0.87951348515
202.0 50.2303225038 86.0675569314 35.2868372486 0.0658287005808 3.6033021619 0.878667139822
202.5 47.38667487 85.7501774334 35.2995324286 0.0658287005808 3.60414300599 0.877826295739
203.0 44.700983074 85.4348609021 35.3121450898 0.0658287005808 3.60497838458 0.876990917142
203.5 42.0863349275 85.1215939283 35.3246757688 0.0658287005808 3.60580833322 0.876160968506
204.0 39.6256550355 84.8103631898 35.3371249983 0.0658287005808 3.60663288719 0.875336414536
204.5 37.2306628115 84.5011554511 35.3494933078 0.0658287005808 3.60745208156 0.874517220167
205.0 34.9845490462 84.1939575627 35.3617812234 0.0658412749867 3.60825337676 0.873703350562
205.5 32.8037138211 83.8887564606 35.3738006514 0.0659269445477 3.60897628979 0.872894767965
206.0 30.7940056254 83.5855379868 35.3846443469 0.0660799658384 3.60962661673 0.872091419737
206.5 28.8631641814 83.2842824015 35.394399251 0.066297673674 3.61020707361 0.871293255018
207.0 27.0893072439 82.9849706318 35.4031061042 0.0665748003027 3.61072297806 0.870500223943
207.5 25.3814915556 82.6875839786 35.4108446709 0.0669091120732 3.61117661195 0.869712278288
208.0 23.8162106291 82.3921043579 35.4176491792 0.0672958266916 3.61157280491 0.868929370701
208.5 22.3049530511 82.098514013 35.4235920737 0.067733114659 3.61191343231 0.868151455336
209.0 20.9224876467 81.8067957509 35.4287014847 0.0682166551203 3.61220286009 0.867378487098
209.5 19.5834807212 81.5169326617 35.4330429013 0.0687449738596 3.61244260618 0.866610422269
210.0 18.3607325542 81.2289083507 35.4366390927 0.0693141707442 3.61263661378 0.865847217781
210.5 17.1725431472 80.9427066679 35.4395492067 0.0699230709462 3.61278609954 0.865088831823
211.0 16.0894715389 80.6583119337 35.4417914931 0.070568148278 3.61289463088 0.864335223149
211.5 15.0337159444 80.375708681 35.4434194632 0.0712484717286 3.61296317892 0.863586351662
212.0 14.0732911778 80.0948818734 35.4444476837 0.0719608436122 3.61299498094 0.862842177759
212.5 13.1344389701 79.8158166597 35.444924714 0.0727045264703 3.61299081294 0.862102662893
213.0 12.2822887864 79.538498585 35.4448621941 0.0734766122505 3.6129536211 0.861367768954
213.5 11.4471795176 79.2629133576 35.4443043165 0.0742765164105 3.61288402709 0.860637458803
214.0 10.6911901333 78.9890470511 35.4432604064 0.0751015854196 3.6127847212 0.859911695692
214.5 9.94872497139 78.7168858845 35.4417708179 0.0759513536145 3.61265620492 0.859190443774
215.0 9.27862670875 78.4464164154 35.4398430738 0.07682339416 3.61250094059 0.858473667552
215.5 8.61926969831 78.177625332 35.4375141089 0.0777173356404 3.6123193343 0.857761332365
216.0 8.02618169402 77.9104996368 35.4347900145 0.0786309559177 3.61211364252 0.857053403871
216.5 7.44164195815 77.6450264517 35.4317046378 0.079563958007 3.61188419579 0.856349848508
217.0 6.91780234613 77.3811931904 35.4282629369 0.0805143066934 3.61163306261 0.855650633003
217.5 6.40079471071 77.1189873763 35.4244959391 0.081481763401 3.61136051409 0.854955724813
218.0 5.93939927722 76.8583968048 35.4204077114 0.0824644636821 3.61106844696 0.854265091661
218.5 5.48340508428 76.599409373 35.4160267045 0.0834622177361 3.61075708262 0.85357870195
219.0 5.07833641831 76.3420132313 35.4113562393 0.0844733183968 3.61042815958 0.852896524334
219.5 4.67753261453 76.0861966251 35.4064223936 0.0854976147228 3.61008185949 0.852218528096
220.0 4.3233246612 75.8319480361 35.4012278923 0.0865335448305 3.60971977472 0.851544682761
220.5 3.97244692676 75.5792560352 35.3957966207 0.0875809898203 3.60934205405 0.850874958437
221.0 3.66415844291 75.3281094139 35.3901308107 0.0886385222326 3.60895015461 0.85020932546
221.5 3.35845325419 75.0784970476 35.3842523192 0.0897060488681 3.60854419872 0.849547754715
222.0 3.09158222789 74.8304080181 35.3781629809 0.0907822682265 3.60812551678 0.848890217298
222.5 2.82664082089 74.5838314866 35.3718827517 0.0918671096242 3.60769420786 0.848236684819
223.0 2.59708289737 74.338756807 35.365413118 0.0929593872982 3.60725148592 0.847587129091
223.5 2.36907998358 74.0951734089 35.3587722888 0.0940590437084 3.60679743619 0.846941522405
224.0 2.17333602332 73.8530709019 35.3519615429 0.0951649978924 3.60633316717 0.846299837249
224.5 1.97869416195 73.6124389685 35.3449975075 0.0962772080039 3.60585874774 0.845662046558
225.0 1.81348529438 73.3732674593 35.3378812162 0.097394687868 3.60537519098 0.845028123454
225.5 1.64921101625 73.1355462953 35.3306278648 0.0985174017629 3.60488255906 0.84439804148
226.0 1.5116905452 72.8992655551 35.323238386 0.0996444533576 3.60438177459 0.843771774361
226.5 1.37502538449 72.6644153853 35.3157266188 0.100775810065 3.60387289603 0.843149296215
227.0 1.26247087096 72.4309860805 35.3080934404 0.101910664151 3.60335675682 0.842530581337
227.5 1.15080246461 72.1989680015 35.3003513523 0.103048982447 3.60283341547 0.841915604393
228.0 1.0612661709 71.9683516475 35.292501232 0.104190023616 3.60230363847 0.84130434022
228.5 0.972442424797 71.7391275824 35.2845545771 0.105333760688 3.60176747762 0.840696764003
229.0 0.903664470747 71.5112865011 35.2765121642 0.106479522278 3.60122562893 0.840092851097
229.5 0.836199780931 71.2848191615 35.268384434 0.107627261766 3.60067816336 0.839492577185
230.0 0.787385271135 71.0597164444 35.2601724503 0.108776354672 3.60012572952 0.838895918119
230.5 0.741089615101 70.8359692945 35.2518859427 0.10992671455 3.59956843769 0.838302850063
231.0 0.712321124112 70.6135687735 35.2435265654 0.111077754731 3.59900689822 0.837713349359
231.5 0.687773313934 70.3925060097 35.2351034732 0.112229332403 3.59844127725 0.83712739265
232.0 0.679164831896 70.1727722439 35.2266191588 0.113380914214 3.59787213133 0.836544956766
232.5 0.674310406529 69.9543587871 35.2180819699 0.114532373266 3.59729961022 0.835966018819
233.0 0.681392494937 69.737257057 35.2094941533 0.115683309988 3.59672413622 0.835390556104
233.5 0.690661478349 69.5214585388 35.2008620432 0.116833650007 3.59614580614 0.834818546162
234.0 0.708220304149 69.3069548107 35.1921870921 0.117983115566 3.59556492004 0.8342499667
234.5 0.726339508142 69.0937375125 35.1834738006 0.119131686709 3.59498151996 0.833684795638
235.0 0.765084622295 68.8817983643 35.1747227994 0.120278674649 3.59439631661 0.833123011045
235.5 0.803929109876 68.671129142 35.1659447492 0.12142407517 3.59380933583 0.832564591305
236.0 0.842861111823 68.4617217395 35.1571400375 0.122567884467 3.5932206029 0.832009514944
236.5 0.881887951109 68.2535681039 35.1483090434 0.123710098504 3.59263014318 0.831457760626
237.0 0.921018995701 68.0466602348 35.1394521477 0.124850712942 3.59203798221 0.830909307158
237.5 0.960259435773 67.8409901842 35.1305697331 0.125989723285 3.59144414554 0.830364133484
238.0 0.999609435101 67.6365500564 35.1216621831 0.127127125044 3.59084865858 0.829822218686
238.5 1.0390750565 67.4333320072 35.1127298787 0.128262913538 3.59025154679 0.829283541984
239.0 1.07866792845 67.2313282439 35.1037732018 0.129397083714 3.58965283586 0.828748082733
239.5 1.11838105986 67.0305310249 35.0947925379 0.130529630763 3.58905255112 0.828215820425
240.0 1.15822341218 66.8309326593 35.0857882668 0.131660549591 3.58845071803 0.827686734685
240.5 1.19819839316 66.6325255069 35.0767607705 0.132789835004 3.58784736203 0.827160805273
241.0 1.23831574788 66.4353019773 35.0677104305 0.133917481493 3.58724250873 0.82663801208
241.5 1.27858301172 66.2392545301 35.058637631 0.135043483314 3.58663618386 0.826118335132
242.0 1.3190064325 66.0443756745 35.0495427579 0.136167834525 3.5860284132 0.825601754583
242.5 1.35959495945 65.8506579688 35.040426198 0.137290528899 3.58541922269 0.825088250721
243.0 1.40035268272 65.6580940202 35.0312883403 0.138411560088 3.58480863826 0.824577803959
243.5 1.44128838403 65.4666764847 35.0221295739 0.139530921461 3.584196686 0.824070394844
244.0 1.48241837183 65.2763980665 35.01295029 0.140648605858 3.5835833924 0.823566004048
244.5 1.52376032706 65.0872515179 35.003750886 0.141764605544 3.58296878439 0.823064612371
245.0 1.56531179901 64.899229639 34.9945317659 0.142878912876 3.58235288869 0.822566200739
245.5 1.60708011774 64.7123252773 34.9852933304 0.143991519983 3.58173573212 0.822070750207
246.0 1.64908380033 64.5265313276 34.9760359818 0.145102418389 3.58111734197 0.821578241951
246.5 1.69132644806 64.3418407317 34.9667601295 0.146211599512 3.58049774552 0.821088657274
247.0 1.73381381017 64.1582464779 34.9574661828 0.147319054591 3.57987697011 0.820601977603
247.5 1.77655573027 63.9757416011 34.9481545517 0.148424774551 3.57925504327 0.820118184485
248.0 1.81956030288 63.794319182 34.938825649 0.149528750063 3.57863199265 0.819637259593
248.5 1.86283317326 63.6139723474 34.9294798898 0.15063097162 3.57800784597 0.819159184719
249.0 1.90638351075 63.4346942696 34.9201176895 0.151731429426 3.5773826311 0.818683941776
249.5 1.95022281489 63.2564781659 34.9107394666 0.152830113315 3.57675637619 0.818211512798
250.0 1.99436232049 63.0793172991 34.9013456429 0.153927012759 3.57612910961 0.817741879937
250.5 2.03881003861 62.9032049762 34.8919366442 0.155022116979 3.57550085986 0.817275025464
251.0 2.08357825566 62.7281345491 34.882512898 0.1561154148 3.57487165574 0.81681093177
251.5 2.12867035498 62.5540994138 34.873074836 0.15720689495 3.574241526 0.816349581361
252.0 2.17409670851 62.3810930102 34.8636228899 0.158296545822 3.57361049963 0.815890956859
252.5 2.21986650586 62.209108822 34.8541574944 0.159384355522 3.57297860578 0.815435041003
253.0 2.2659897636 62.0381403762 34.8446790867 0.160470311833 3.57234587383 0.814981816648
253.5 2.31247483607 61.8681812431 34.8351881074 0.161554402275 3.57171233327 0.814531266763
254.0 2.35933361164 61.699225036 34.825684999 0.162636613988 3.57107801389 0.814083374429
254.5 2.40658059627 61.5312654108 34.8161702083 0.163716933642 3.57044294582 0.813638122842
255.0 2.45422213999 61.3642960658 34.8066441873 0.16479534771 3.56980715929 0.813195495311
255.5 2.50226325351 61.1983107415 34.7971073893 0.165871842515 3.56917068454 0.812755475255
256.0 2.55071353079 61.0333032206 34.7875602681 0.166946404072 3.56853355203 0.812318046206
256.5 2.59958234124 60.8692673271 34.7780032804 0.168019018104 3.5678957924 0.811883191805
257.0 2.64887929778 60.7061969268 34.768436886 0.169089670023 3.56725743648 0.811450895804
257.5 2.69861453167 60.5440859266 34.7588615472 0.170158344924 3.56661851532 0.811021142065
258.0 2.74879764615 60.3829282742 34.7492777298 0.171225027593 3.56597906016 0.810593914555
258.5 2.79943792411 60.2227179583 34.7396859024 0.172289702526 3.56533910243 0.810169197355
259.0 2.85054509458 60.0634490079 34.7300865364 0.173352353907 3.56469867375 0.809746974647
259.5 2.90212887805 59.9051154925 34.7204801063 0.174412965615 3.56405780597 0.809327230724
260.0 2.95419892613 59.7477115213 34.7108670895 0.17547152122 3.5634165311 0.808909949983
260.5 3.0067653111 59.5912312436 34.7012479665 0.176528003976 3.5627748814 0.808495116928
261.0 3.05983833399 59.4356688482 34.691623221 0.177582396805 3.56213288933 0.808082716168
261.5 3.11342683669 59.281018563 34.68199334 0.178634682355 3.56149058754 0.807672732414
262.0 3.16754085324 59.1272746553 34.6723588131 0.179684842954 3.56084800887 0.807265150484
262.5 3.22219016512 58.9744314313 34.662720133 0.18073286062 3.56020518639 0.806859955295
263.0 3.27738457344 58.8224832357 34.6530777959 0.18177871706 3.55956215338 0.806457131871
263.5 3.33313387026 58.6714244517 34.6434323006 0.182822393675 3.5589189433 0.806056665335
264.0 3.38944766704 58.5212495008 34.6337841495 0.183863871557 3.55827558984 0.805658540913
264.5 3.44633585801 58.3719528423 34.6241338475 0.18490313149 3.55763212689 0.80526274393
265.0 3.50380834902 58.2235289736 34.6144819033 0.185940153942 3.55698858855 0.804869259812
265.5 3.56187596471 58.0759724294 34.6048288283 0.186974919038 3.55634500918 0.804478074085
266.0 3.62054978843 57.9292777819 34.5951751378 0.188007406549 3.55570142338 0.804089172374
266.5 3.67983773591 57.7834396404 34.5855213507 0.189037596003 3.5550578659 0.803702540403
267.0 3.739750442 57.6384526511 34.5758679885 0.190065466588 3.55441437173 0.803318163992
267.5 3.8002966471 57.4943114969 34.5662155759 0.191090997219 3.55377097603 0.80293602906
268.0 3.86148591023 57.3510108974 34.5565646404 0.19211416651 3.55312771417 0.802556121622
268.5 9.41070029221 57.2085456083 34.5469157126 0.250837873847 3.55266753416 0.802178427791
